100 20000000
5618 671863
11935 740364
22875 257373
94104 876278
80390 567550
108306 727448
73809 378797
88627 435929
170968 817455
135868 638469
209707 720863
155211 477083
376290 1064547
329297 906956
402904 1093012
441842 1195887
480526 1255553
401479 1043052
458680 1053626
635335 1421252
582581 1273436
373168 785426
725965 1486466
435246 890977
626974 1231610
603269 1165632
772213 1481026
42318 80561
558027 1059115
308426 568502
749361 1362925
643827 1146387
359925 637550
592945 1044641
1017632 1756937
856642 1458894
1026877 1747661
304350 507938
935039 1554797
369720 612023
919939 1515395
718861 1164563
249078 399387
1354964 2150569
1178139 1853117
1095079 1714742
367521 572347
998594 1552888
1374634 2129590
1454781 2231176
1417931 2156542
1083361 1641210
334814 501974
817769 1215364
987284 1459502
1449867 2115611
1532103 2234092
1325428 1917611
1338534 1935527
851027 1207019
1380834 1947354
343746 483731
996178 1397234
650395 907485
675725 942500
1447608 2016127
916535 1270013
1312716 1813439
518913 706612
1285447 1742100
1259808 1701315
1248319 1672454
1378818 1846991
1402035 1837713
1294637 1687022
1393634 1801628
1406229 1801302
1557581 1941804
1272901 1577752
478451 591710
777895 936819
1383792 1655443
1077141 1285963
1235829 1436061
1277555 1475601
465877 531328
1394828 1577716
1288461 1455029
1321038 1477828
902079 1007046
1216981 1349453
1569675 1738397
738108 817058
544293 582384
594720 625067
215679 224286
1122874 1144945
1488472 1516992
878125 891532
1525351 1539585
