100 100000000
219731 144
249544 245
213533 84
184406 127
193358 83
197374 227
180126 232
205950 250
207145 150
199969 176
214535 116
185710 15
232782 138
243289 13
226566 43
210783 40
242843 106
228449 103
207957 227
206646 58
232288 52
232069 198
191485 64
204775 90
236993 178
225635 122
190687 86
211796 16
218526 84
212933 170
233657 38
232478 157
211071 97
189904 177
200811 77
217372 108
204630 235
235514 144
207459 114
184744 115
249093 230
223009 60
225784 105
190278 142
223948 62
223461 159
223956 237
191133 199
243895 51
181084 132
244617 198
204834 228
181956 147
242391 206
214696 208
237927 28
234545 47
223567 99
222769 248
231668 56
214085 27
231351 237
245127 246
200097 185
200550 46
190756 140
183696 31
221443 38
239998 214
222099 155
225029 166
238481 205
185020 113
183960 80
209952 147
181535 145
204817 179
196137 152
232400 180
203024 83
181474 16
205147 184
193429 192
197853 68
231513 67
208119 60
214037 248
243144 49
249737 58
203875 197
239763 93
210754 108
202357 198
228582 57
200154 199
201766 77
229445 77
213829 105
244593 85
183330 149
