250 1000
4 12
6 18
8 24
11 33
14 42
3 9
7 21
8 24
8 24
10 30
9 27
8 24
10 30
6 18
9 27
4 12
10 30
6 18
9 27
7 21
11 33
6 18
7 21
10 30
6 18
8 24
7 21
11 33
11 33
8 24
6 18
7 21
7 21
10 30
8 24
12 36
6 18
8 24
12 36
7 21
11 33
12 36
7 21
12 36
7 21
9 27
9 27
10 30
11 33
8 24
10 30
13 39
9 27
7 21
4 12
10 30
8 24
11 33
9 27
5 15
9 27
7 21
5 15
7 21
5 15
8 24
10 30
8 24
4 12
6 18
12 36
10 30
7 21
7 21
5 15
12 36
7 21
10 30
4 12
5 15
13 39
9 27
6 18
11 33
10 30
10 30
14 42
6 18
10 30
11 33
8 24
6 18
7 21
10 30
6 18
9 27
9 27
10 30
8 24
11 33
10 30
8 24
5 15
9 27
6 18
7 21
8 24
8 24
7 21
11 33
6 18
8 24
8 24
7 21
7 21
10 30
7 21
11 33
6 18
8 24
7 21
7 21
8 24
7 21
6 18
7 21
10 30
10 30
8 24
6 18
7 21
4 12
6 18
12 36
11 33
10 30
7 21
11 33
8 24
7 21
7 21
7 21
7 21
5 15
6 18
10 30
7 21
6 18
8 24
6 18
7 21
11 33
9 27
10 30
8 24
6 18
6 18
3 9
3 9
11 33
7 21
7 21
11 33
10 30
9 27
6 18
8 24
6 18
10 30
12 36
7 21
11 33
9 27
9 27
10 30
9 27
7 21
12 36
10 30
13 39
9 27
9 27
8 24
6 18
7 21
4 12
4 12
8 24
4 12
9 27
9 27
10 30
8 24
10 30
9 27
5 15
9 27
8 24
10 30
7 21
10 30
5 15
7 21
7 21
4 12
5 15
8 24
7 21
3 9
4 12
10 30
10 30
7 21
5 15
11 33
9 27
8 24
7 21
9 27
9 27
7 21
7 21
10 30
7 21
7 21
4 12
8 24
11 33
7 21
9 27
7 21
11 33
5 15
9 27
11 33
8 24
9 27
9 27
5 15
14 42
7 21
9 27
9 27
6 18
10 30
8 24
13 39
9 27
7 21
11 33
