400 1000
6 18
6 18
6 18
5 15
6 18
5 15
8 24
4 12
4 12
4 12
5 15
5 15
7 21
6 18
6 18
7 21
4 12
7 21
6 18
5 15
8 24
5 15
3 9
8 24
5 15
4 12
3 9
6 18
4 12
7 21
4 12
5 15
4 12
5 15
6 18
5 15
6 18
5 15
7 21
5 15
5 15
5 15
4 12
4 12
6 18
6 18
3 9
3 9
3 9
7 21
7 21
5 15
2 6
7 21
6 18
6 18
4 12
6 18
7 21
7 21
5 15
8 24
4 12
4 12
5 15
6 18
3 9
7 21
7 21
5 15
6 18
3 9
5 15
5 15
5 15
7 21
4 12
7 21
3 9
4 12
4 12
4 12
5 15
2 6
2 6
7 21
2 6
6 18
4 12
7 21
4 12
5 15
6 18
5 15
7 21
7 21
4 12
3 9
3 9
8 24
4 12
5 15
2 6
5 15
5 15
4 12
6 18
6 18
6 18
6 18
4 12
7 21
4 12
6 18
4 12
2 6
5 15
3 9
4 12
6 18
7 21
8 24
8 24
5 15
5 15
7 21
6 18
4 12
4 12
5 15
6 18
7 21
6 18
3 9
4 12
6 18
5 15
5 15
4 12
8 24
6 18
5 15
5 15
2 6
4 12
5 15
7 21
7 21
5 15
5 15
6 18
6 18
5 15
5 15
6 18
3 9
2 6
7 21
7 21
4 12
5 15
5 15
6 18
5 15
4 12
6 18
6 18
4 12
3 9
4 12
5 15
4 12
4 12
5 15
5 15
6 18
4 12
5 15
5 15
4 12
5 15
4 12
6 18
7 21
6 18
6 18
3 9
6 18
6 18
5 15
4 12
7 21
7 21
6 18
6 18
5 15
5 15
3 9
6 18
7 21
5 15
7 21
6 18
4 12
5 15
7 21
6 18
7 21
4 12
6 18
6 18
3 9
6 18
4 12
7 21
5 15
7 21
4 12
5 15
5 15
4 12
7 21
5 15
4 12
4 12
6 18
10 30
5 15
6 18
8 24
7 21
5 15
8 24
3 9
4 12
7 21
6 18
6 18
6 18
3 9
6 18
5 15
4 12
3 9
8 24
6 18
4 12
2 6
3 9
4 12
5 15
6 18
4 12
8 24
5 15
3 9
6 18
5 15
5 15
3 9
6 18
6 18
4 12
6 18
8 24
5 15
5 15
6 18
4 12
7 21
6 18
5 15
6 18
5 15
3 9
7 21
6 18
4 12
3 9
4 12
5 15
5 15
6 18
6 18
4 12
4 12
1 3
3 9
4 12
4 12
5 15
4 12
4 12
4 12
4 12
3 9
5 15
4 12
4 12
4 12
7 21
7 21
5 15
6 18
4 12
4 12
8 24
7 21
6 18
6 18
6 18
3 9
4 12
3 9
3 9
6 18
5 15
5 15
5 15
7 21
5 15
7 21
6 18
4 12
4 12
7 21
6 18
6 18
5 15
6 18
8 24
4 12
4 12
5 15
3 9
6 18
7 21
3 9
4 12
4 12
6 18
5 15
3 9
8 24
7 21
8 24
4 12
1 3
3 9
6 18
6 18
6 18
5 15
4 12
7 21
5 15
3 9
2 6
6 18
3 9
7 21
5 15
6 18
5 15
5 15
4 12
3 9
5 15
6 18
4 12
4 12
4 12
5 15
5 15
5 15
3 9
5 15
4 12
4 12
6 18
6 18
9 27
7 21
5 15
3 9
5 15
6 18
6 18
7 21
6 18
7 21
2 6
4 12
7 21
6 18
8 24
8 24
4 12
6 18
4 12
