40 100000000
3636981 10728536
3854068 11454379
5505745 16401769
5874349 17512728
4268875 12843446
5529863 16359251
6895856 20712814
3423555 10092786
7764238 23305418
5748061 17436922
5956715 18077716
6039767 18343840
7628494 23077343
5271565 15824976
3367352 10191675
5586791 16869957
3167244 9425411
5588662 16533927
4834500 14336671
5894207 17607502
4773243 14498499
3575130 10711109
7603856 23001636
5857829 17461630
4318284 12725732
6635299 20049690
3985231 12159926
5219313 15754867
6100975 18384840
5784983 17261490
5534529 16762737
7578189 22871569
2798927 8355275
8033410 24015050
4991219 15049299
4565910 13748084
5430625 16501106
5116175 15127261
4066400 12051906
5196275 15724679
