50 25500
2021 2070
2024 2071
2047 2094
2063 2109
2087 2132
2067 2111
2076 2120
2074 2117
2085 2128
2003 2043
2069 2110
2027 2067
2026 2065
2053 2091
2015 2052
2058 2095
2068 2105
2057 2093
2090 2126
2063 2098
2003 2036
2039 2072
2054 2087
2055 2088
2067 2098
2070 2101
2026 2056
2059 2089
2072 2101
2088 2116
2006 2031
2025 2049
2020 2043
2036 2059
2085 2107
2099 2121
2039 2058
2094 2112
2089 2103
2060 2073
2081 2093
2069 2080
2055 2065
2070 2079
2032 2038
2018 2023
2085 2089
2081 2084
2007 2009
2044 2046
