40 100000000
4094461 12401026
4304345 12967937
4842294 14356245
7982527 23819487
5753062 17394521
6351225 18878957
3297774 10121703
6092072 18470221
3305491 9876086
5453823 16165428
6450325 19268948
5751216 17488755
5763837 17301402
2743546 8139494
5028514 14872541
4335276 13041788
4850654 14583413
5246886 15877101
4804677 14368865
6125291 18360280
4307524 12731415
3182145 9519596
4167671 12672479
7182341 21505762
4684267 14054144
2432834 7320671
4032697 12339316
4827855 14733250
4408831 13070982
5340126 16182355
3758373 11353565
5071120 15255319
3755195 11398084
6024597 18174418
5258792 15553484
5676955 16967163
4164788 12277449
2144949 6564870
4897236 14911688
4877020 14662044
